(greedy_solve) using weight function (calculate_weight_1)
Small: 2894.433516084128
Medium: 3742.3814128839504
Large: 4377.787804447143

(greedy_solve) using weight function (calculate_weight_2)
Small: 3170.6004353648445
Medium: 3704.6965209257655
Large: 4021.0517093722656

(best out of all algs)
Small: 3194.2653863640544
Medium: 3835.6847505872893
Large: 4417.749419141902

